0.00	50084.67831
1.00	60090.69102
31.42	32643.81873
61.83	24578.94378
92.25	33966.01867
122.67	34588.70554
153.08	34335.12265
183.50	365615.4281
213.92	895091.2329
244.33	735577.7365
274.75	1229510.707
305.17	57042.06122
335.58	25365.05073
366.00	4716.641664
396.50	36184.21148
427.00	29787.63016
457.50	35402.98836
488.00	71589.94618
518.50	504860.9837
549.00	384004.5076
579.50	83352.69435
610.00	51094.03985
640.50	100232.8617
671.00	101241.5581
701.50	72528.55586
732.00	23228.19228
762.42	32210.00415
792.83	38880.26715
823.25	33281.34488
853.67	37093.64155
884.08	55216.26445
914.50	16234.56415
944.92	13668.11751
975.33	21376.28586
1005.75	64835.50856
1036.17	29280.37047
1066.58	26235.59138
1097.00	38578.4096
1127.42	32501.15487
1157.83	37610.85001
1188.25	32543.13693
1218.67	19390.63795
1249.08	359546.7201
1279.50	2547207.773
1309.92	833918.5882
1340.33	224110.3552
1370.75	1243536.658
1401.17	54672.47004
1431.58	16857.62669
1462.00	3558.613155
1492.42	24069.43002
1522.83	32373.04856
1553.25	25096.25287
1583.67	18613.88942
1614.08	31139.9783
1644.50	1178650.902
1674.92	856400.1198
1705.33	121992.1517
1735.75	93053.6485
1766.17	35650.93607
1796.58	16234.56415
1827.00	52753.69288
1857.40	26727.6361
1887.80	39640.17053
1918.20	29125.40315
1948.60	34317.63418
1979.00	49096.46415
2009.50	107717.0319
2040.00	56802.56628
2070.50	26550.03416
2101.00	55145.82476
2131.67	42466.6805
2162.33	17227.3881
2193.00	55621.99707
2223.20	30425.25024
2253.40	26605.35279
2283.60	20052.77104
2313.80	38172.97886
2344.00	11569.01474
2374.50	11794.51567
2405.00	35842.53202
2435.50	1677.028147
2466.00	26124.67235
2496.67	36851.22839
2527.33	70277.96079
2558.00	36386.32643
2588.20	41215.29592
2618.40	33700.69584
2648.60	17378.8804
2678.80	18679.39834
2709.00	232160.7665
2739.50	2936196.781
2770.00	381526.7211
2800.50	137688.087
2831.00	31568.25161
2861.67	76218.56252
2892.33	21792.63139
2923.00	62153.16515
2953.42	53944.4054
2983.83	48741.54204
3014.25	33720.88855
3044.67	33811.95701
3075.08	924766.0656
3105.50	730904.7675
3135.92	159853.0156
3166.33	40266.14458
3196.75	25285.03124
3227.17	10064.42295
3257.58	18755.92938
3288.00	52855.12603
3318.50	39986.63988
3349.00	35255.44068
3379.50	36380.69126
3410.00	62897.59123
3440.50	436844.4187
3471.00	1684391.349
3501.50	298996.7623
3532.00	81696.89203
3562.50	47639.77136
3593.00	2865.486602
3623.50	7555.361184
3654.00	20593.74786
3684.42	55781.56644
3714.83	69244.37574
3745.25	24479.20118
3775.67	14805.01411
3806.08	89447.13636
3836.50	19082.01819
3866.92	3986.886472
3897.33	3726.729216
3927.75	13713.19891
3958.17	22777.37826
3988.58	7677.644486
4019.00	28249.13341
4049.42	55947.52236
4079.83	47180.97418
4110.25	34402.74475
4140.67	31194.72
4171.08	1125578.352
4201.50	669221.5759
4231.92	1701682.039
4262.33	219184.085
4292.75	54689.37557
4323.17	82265.10553
4353.58	90181.02401
4384.00	161878.8611
4414.42	66169.82413
4444.83	70662.27974
4475.25	37287.95447
4505.67	46632.98693
4536.08	2005725.101
4566.50	1221094.854
4596.92	138932.4276
4627.33	163682.0233
4657.75	48628.74461
4688.17	67875.68559
4718.58	48071.89538
4749.00	41821.45294
4779.50	40446.65802
4810.00	23533.7127
4840.50	17142.20304
4871.00	14999.28192
4901.50	13747.00996
4932.00	13090.13637
4962.50	77480.84177
4993.00	13439.51724
5023.50	27119.28077
5054.00	61071.21151
5084.50	27321.58356
5115.00	6610.06054
5145.42	12854.30429
5175.83	2961.002822
5206.25	2544.281614
5236.67	2299.050864
5267.08	295976.3084
5297.50	1361464.439
5327.92	130116.196
5358.33	43626.02388
5388.75	65004.56382
5419.17	47493.2568
5449.58	58495.09116
5480.00	71645.61782
5510.42	25612.52884
5540.83	36763.60141
5571.25	38330.46189
5601.67	23633.11987
5632.08	18105.818
5662.50	2879.480621
5692.92	3138.792601
5723.33	56532.7353
5753.75	41646.76251
5784.17	64331.16038
5814.58	16860.5382
5845.00	33909.66692
5875.42	9299.353997
5905.83	4940.827718
5936.25	1910.324402
5966.67	5359.252896
5997.08	3336.023734
6027.50	26852.83091
6057.92	97846.36503
6088.33	122134.8155
6118.75	235617.9465
6149.17	51618.20507
6179.58	15736.69642
6210.00	47594.68996
6240.50	41357.95978
6271.00	25982.29025
6301.50	28333.66104
6332.00	22297.12531
6362.50	14673.99629
6393.00	6239.35993
6423.50	42151.11069
6454.00	20811.45347
6484.50	49657.16409
6515.00	10678.65705
6545.50	15299.97034
6576.00	48290.6341
6606.42	13372.55257
6636.83	18025.14108
6667.25	9562.892358
6697.67	12412.37909
6728.08	261877.8631
6758.50	264260.0395
6788.92	37840.20164
6819.33	52878.79377
6849.75	1433458.968
6880.17	1318890.221
6910.58	437733.4615
6941.00	57185.75819
6971.42	27106.13203
7001.83	22194.41939
7032.25	12913.00403
7062.67	9040.229856
7093.08	1123718.745
7123.50	2283026.344
7153.92	790984.1882
7184.33	65817.53176
7214.75	502096.9302
7245.17	71237.06762
7275.58	22904.82714
7306.00	86125.20056
7336.42	95081.09063
7366.83	54983.81347
7397.25	29584.66994
7427.67	29182.66056
7458.08	1481338.235
7488.50	3428244.409
7518.92	2878799.704
7549.33	649044.8311
7579.75	220800.2533
7610.17	63928.24535
7640.58	21012.34746
7671.00	93687.60572
7701.50	68429.15372
7732.00	40752.36628
7762.50	30601.81906
7793.00	410356.8605
7823.50	2419701.978
7854.00	2274242.327
7884.50	1426014.902
7915.00	508497.644
7945.50	55255.71068
7976.00	23019.6908
8006.50	36184.21148
8037.00	38767.18797
8067.42	83455.44238
8097.83	59811.09241
8128.25	25259.67295
8158.67	19194.11122
8189.08	304319.1853
8219.50	11097110.7
8249.92	1847444.299
8280.33	246983.1558
8310.75	76348.17155
8341.17	28790.11023
8371.58	9366.318662
8402.00	14637.36765
8432.42	16647.99817
8462.83	20176.7449
8493.25	22850.63554
8523.67	100524.9852
8554.08	379300.8269
8584.50	574425.813
8614.92	257231.6611
8645.33	153614.0314
8675.75	825803.9359
8706.17	82101.68545
8736.58	51629.75718
8767.00	556741.2244
8797.42	1064508.174
8827.83	1051353.984
8858.25	151828.5261
8888.67	174712.2683
8919.08	1684052.393
8949.50	2290511.829
8979.92	2820948.995
9010.33	582872.0954
9040.75	1580824.436
9071.17	265329.4079
9101.58	1050515.47
9132.00	875359.0359
9162.40	52692.5952
9192.80	49632.3072
9223.20	32254.1791
9253.60	34737.62648
9284.00	37208.07639
9314.50	45208.8
9345.00	44692.76903
9375.50	31687.8912
9406.00	39685.02503
9436.67	25361.80026
9467.33	47573.568
9498.00	41435.0431
9528.20	41981.5872
9558.40	39505.536
9588.60	41165.80955
9618.80	39018.672
9649.00	57535.20929
9679.50	6298183.987
9710.00	1205681.676
9740.50	149202.9504
9771.00	20488.67303
9801.67	15373.23561
9832.33	15690.9312
9863.00	20623.28981
9893.20	19112.8896
9923.40	14188.608
9953.60	9988.564645
9983.80	14605.92
10014.00	17150.17703
10044.50	21171.6288
10075.00	20596.36645
10105.50	9848.5632
10136.00	13730.91097
10166.67	33842.65703
10197.33	22729.5936
10228.00	26384.88774
10258.20	27959.904
10288.40	22117.536
10318.60	10284.72155
10348.80	1818.288
10379.00	40196.56877
10409.50	27125.28
10440.00	34138.81394
10470.50	30269.0304
10501.00	27542.592
10531.67	20138.66942
10562.33	26151.552
10593.00	29400.30348
10623.40	26596.6848
10653.80	21199.4496
10684.20	13165.52052
10714.60	35860.05186
10745.00	39900.41187
10775.50	14967.5904
10806.00	20057.89935
10836.50	38364.8832
10867.00	21107.91019
10897.67	4738.510452
10928.33	2253.4848
10959.00	11361.65574
10989.20	23286.0096
11019.40	24649.2288
11049.60	17177.10039
11079.80	23101.2
11110.00	24742.5631
11140.50	22813.056
11171.00	18065.5711
11201.50	25400.3904
11232.00	14242.45471
11262.67	13892.4511
11293.33	14077.3248
11324.00	16584.78658
11354.20	16302.9888
11384.40	23508.576
11414.60	22615.61806
11444.80	22445.424
11475.00	15023.232
11505.50	31214.9376
11536.00	23154.08516
11566.50	15690.9312
11597.00	457.6970323
11627.67	161.540129
11658.33	8596.6272
11689.00	29642.61368
11719.20	21477.6576
11749.40	11851.6608
11779.60	11953.96955
11809.80	15261.696
11840.00	43346.60129
11870.50	294956.1216
11901.00	901717.0003
11931.50	694574.0928
11962.00	48435.11535
11992.67	34192.66065
12023.33	21255.0912
12054.00	20757.90658
12084.40	26707.968
12114.80	28377.216
12145.20	20892.52335
12175.60	17527.104
12206.00	33869.58039
12236.50	52998.624
12267.00	36077.29548
12297.50	12296.7936
12328.00	8777.013677
12358.67	15265.54219
12389.33	5119.0272
12420.00	21619.45394
12450.20	31409.6832
12480.40	27514.7712
12510.60	27811.82555
12540.80	33683.04
12571.00	3467485.793
12601.50	3834485.222
12632.00	668749.2108
12662.50	277429.0176
12693.00	1112715.332
12723.67	4824019.027
12754.33	3090501.389
12785.00	3900978.729
12815.20	3302384.602
12845.40	424545.408
12875.60	188840.4108
12905.80	160367.04
12936.00	10272175.27
12966.50	2748583.757
12997.00	2766940.1
13027.50	3885981.523
13058.00	765296.3613
13088.67	104947.2372
13119.33	22228.8192
13150.00	32927.26297
13180.20	54556.5888
13210.40	28877.9904
13240.60	22804.08155
13270.80	27184.896
13301.00	3192356.03
13331.50	12151819.41
13362.00	1536838.941
13392.50	4318205.472
13423.00	13417146.19
13453.67	904032.4088
13484.33	59341.7664
13515.00	44638.92232
13545.40	40701.8304
13575.80	36500.8896
13606.20	24769.48645
13636.60	14274.94841
13667.00	33492.65342
13697.50	39255.1488
13728.00	23665.6289
13758.50	9876.384
13789.00	8184.699871
13819.67	10177.02813
13850.33	16887.2256
13881.00	9153.940645
13911.20	8179.3152
13941.40	11935.1232
13971.60	5626.981161
14001.80	0
14032.00	0
14062.50	43316.9856
14093.00	30315.69755
14123.50	16247.3472
14154.00	9073.170581
14184.67	4926.973935
14215.33	8429.7024
14246.00	24150.24929
14276.20	20448.288
14306.40	1196.2944
14336.60	726.9305806
14366.80	0
14397.00	17769.41419
14427.50	45709.5744
14458.00	41946.58684
14488.50	17860.9536
14519.00	8911.630452
14549.67	16530.93987
14580.33	1482598.253
14611.00	30181.08077
14641.20	18806.8608
14671.40	28794.528
14701.60	4630.817032
14731.80	0
14762.00	11711.65935
14792.50	30380.3136
14823.00	961217.6145
14853.50	1280869.632
14884.00	887124.5419
14914.67	95954.83665
14945.33	12074.2272
14976.00	12074.2272
