   1.00500E+02   1.00000E+02   9.95000E+01   9.90000E+01   9.85000E+01   9.80000E+01   9.75000E+01   9.70000E+01   9.65000E+01   9.60000E+01
   9.55000E+01   9.50000E+01   9.45000E+01   9.40000E+01   9.35000E+01   9.30000E+01   9.25000E+01   9.20000E+01   9.15000E+01   9.10000E+01
   9.05000E+01   9.00000E+01   8.95000E+01   8.90000E+01   8.85000E+01   8.80000E+01   8.75000E+01   8.70000E+01   8.65000E+01   8.60000E+01
   9.59075E+01   9.56569E+01   9.53063E+01   9.49069E+01   9.44780E+01   9.40279E+01   9.35600E+01   9.30763E+01   9.25776E+01   9.20651E+01
   9.15398E+01   9.10033E+01   9.04572E+01   8.99038E+01   8.93450E+01   8.87826E+01   8.82176E+01   8.76502E+01   8.70797E+01   8.65047E+01
   8.59241E+01   8.53373E+01   8.47459E+01   8.41539E+01   8.35684E+01   8.30001E+01   8.24630E+01   8.19746E+01   8.15616E+01   8.12790E+01
   9.15576E+01   9.14060E+01   9.11537E+01   9.08353E+01   9.04695E+01   9.00656E+01   8.96282E+01   8.91596E+01   8.86613E+01   8.81351E+01
   8.75831E+01   8.70081E+01   8.64141E+01   8.58052E+01   8.51859E+01   8.45600E+01   8.39298E+01   8.32958E+01   8.26560E+01   8.20073E+01
   8.13464E+01   8.06715E+01   7.99846E+01   7.92933E+01   7.86117E+01   7.79613E+01   7.73693E+01   7.68661E+01   7.64849E+01   7.62676E+01
   8.73517E+01   8.72482E+01   8.70596E+01   8.68035E+01   8.64914E+01   8.61292E+01   8.57199E+01   8.52648E+01   8.47654E+01   8.42233E+01
   8.36415E+01   8.30245E+01   8.23780E+01   8.17092E+01   8.10256E+01   8.03339E+01   7.96382E+01   7.89393E+01   7.82335E+01   7.75145E+01
   7.67749E+01   7.60099E+01   7.52201E+01   7.44151E+01   7.36160E+01   7.28563E+01   7.21789E+01   7.16279E+01   7.12366E+01   7.10310E+01
   8.32419E+01   8.31678E+01   8.30253E+01   8.28203E+01   8.25558E+01   8.22324E+01   8.18497E+01   8.14070E+01   8.09044E+01   8.03435E+01
   7.97277E+01   7.90627E+01   7.83568E+01   7.76205E+01   7.68659E+01   7.61041E+01   7.53424E+01   7.45820E+01   7.38166E+01   7.30345E+01
   7.22213E+01   7.13655E+01   7.04632E+01   6.95235E+01   6.85733E+01   6.76611E+01   6.68546E+01   6.62221E+01   6.57950E+01   6.55810E+01
   7.91987E+01   7.91482E+01   7.90462E+01   7.88890E+01   7.86715E+01   7.83876E+01   7.80321E+01   7.76016E+01   7.70944E+01   7.65112E+01
   7.58556E+01   7.51343E+01   7.43583E+01   7.35427E+01   7.27060E+01   7.18666E+01   7.10378E+01   7.02220E+01   6.94090E+01   6.85780E+01
   6.77028E+01   6.67600E+01   6.57360E+01   6.46347E+01   6.34850E+01   6.23527E+01   6.13487E+01   6.06032E+01   6.01327E+01   5.99093E+01
   7.51985E+01   7.51729E+01   7.51147E+01   7.50108E+01   7.48461E+01   7.46068E+01   7.42822E+01   7.38655E+01   7.33529E+01   7.27440E+01
   7.20416E+01   7.12532E+01   7.03920E+01   6.94787E+01   6.85412E+01   6.76109E+01   6.67127E+01   6.58518E+01   6.50119E+01   6.41582E+01
   6.32445E+01   6.22279E+01   6.10787E+01   5.97867E+01   5.83718E+01   5.69082E+01   5.55766E+01   5.47015E+01   5.42157E+01   5.40065E+01
   7.12165E+01   7.12229E+01   7.12216E+01   7.11861E+01   7.10881E+01   7.09038E+01   7.06171E+01   7.02179E+01   6.97005E+01   6.90629E+01
   6.83064E+01   6.74374E+01   6.64703E+01   6.54314E+01   6.43619E+01   6.33158E+01   6.23428E+01   6.14532E+01   6.06211E+01   5.97907E+01
   5.88815E+01   5.78210E+01   5.65565E+01   5.50540E+01   5.32996E+01   5.13242E+01   4.93402E+01   4.84029E+01   4.80143E+01   4.78868E+01
   6.72207E+01   6.72731E+01   6.73551E+01   6.74167E+01   6.74088E+01   6.72961E+01   6.70573E+01   6.66810E+01   6.61609E+01   6.54933E+01
   6.46763E+01   6.37124E+01   6.26132E+01   6.14072E+01   6.01516E+01   5.89401E+01   5.78821E+01   5.69895E+01   5.62212E+01   5.54945E+01
   5.46624E+01   5.36106E+01   5.22646E+01   5.05657E+01   4.84406E+01   4.57411E+01   4.20493E+01   4.15477E+01   4.15440E+01   4.16319E+01
   6.31652E+01   6.32864E+01   6.35017E+01   6.37095E+01   6.38270E+01   6.38069E+01   6.36276E+01   6.32806E+01   6.27616E+01   6.20656E+01
   6.11857E+01   6.01155E+01   5.88552E+01   5.74253E+01   5.58898E+01   5.44034E+01   5.32486E+01   5.23937E+01   5.17723E+01   5.12960E+01
   5.06554E+01   4.96868E+01   4.83180E+01   4.64960E+01   4.41482E+01   4.11424E+01   4.10627E+01   4.08709E+01   4.08062E+01   4.08068E+01
   5.89809E+01   5.91982E+01   5.96485E+01   6.00850E+01   6.03754E+01   6.04696E+01   6.03582E+01   6.00448E+01   5.95320E+01   5.88145E+01
   5.78782E+01   5.67010E+01   5.52596E+01   5.35414E+01   5.15713E+01   4.95275E+01   4.83076E+01   4.75569E+01   4.71706E+01   4.72544E+01
   4.69685E+01   4.61557E+01   4.48170E+01   4.29443E+01   4.05059E+01   4.03146E+01   4.01801E+01   4.00593E+01   3.99953E+01   3.99743E+01
   5.45718E+01   5.48693E+01   5.58014E+01   5.65993E+01   5.71125E+01   5.73306E+01   5.72834E+01   5.70012E+01   5.64994E+01   5.57749E+01
   5.48040E+01   5.35433E+01   5.19332E+01   4.99019E+01   4.73190E+01   4.38200E+01   4.28896E+01   4.23482E+01   4.20909E+01   4.35747E+01
   4.38010E+01   4.31426E+01   4.18424E+01   3.99504E+01   3.96520E+01   3.94222E+01   3.92759E+01   3.91833E+01   3.91333E+01   3.91133E+01
   4.98574E+01   4.98982E+01   5.20810E+01   5.33907E+01   5.41373E+01   5.44492E+01   5.44362E+01   5.41695E+01   5.36822E+01   5.29740E+01
   5.20122E+01   5.07276E+01   4.90202E+01   4.68064E+01   4.39748E+01   4.42390E+01   4.38827E+01   4.33302E+01   4.25553E+01   4.11447E+01
   4.15102E+01   4.07636E+01   3.94516E+01   3.90947E+01   3.87216E+01   3.84383E+01   3.83104E+01   3.82568E+01   3.82338E+01   3.82244E+01
   5.06848E+01   5.03094E+01   4.92259E+01   5.07377E+01   5.15890E+01   5.18850E+01   5.18353E+01   5.15510E+01   5.10782E+01   5.04193E+01
   4.95354E+01   4.83270E+01   4.66061E+01   4.43209E+01   4.50272E+01   4.52707E+01   4.50642E+01   4.45268E+01   4.36478E+01   4.22855E+01
   4.03238E+01   3.89419E+01   3.87842E+01   3.82473E+01   3.76936E+01   3.72911E+01   3.72629E+01   3.72919E+01   3.73130E+01   3.73183E+01
   5.18798E+01   5.14208E+01   5.03926E+01   4.87372E+01   4.95885E+01   4.96590E+01   4.94611E+01   4.91135E+01   4.86526E+01   4.80820E+01
   4.73756E+01   4.64313E+01   4.47483E+01   4.58933E+01   4.65344E+01   4.67447E+01   4.65690E+01   4.60571E+01   4.52157E+01   4.40179E+01
   4.24841E+01   4.08071E+01   3.84882E+01   3.74086E+01   3.65064E+01   3.57619E+01   3.61503E+01   3.63272E+01   3.64002E+01   3.64098E+01
   5.35261E+01   5.30937E+01   5.21786E+01   5.06914E+01   4.83608E+01   4.76935E+01   4.72288E+01   4.67816E+01   4.63287E+01   4.58728E+01
   4.54458E+01   4.52664E+01   4.69920E+01   4.79619E+01   4.84648E+01   4.85971E+01   4.84022E+01   4.79094E+01   4.71322E+01   4.60787E+01
   4.47800E+01   4.33064E+01   4.16729E+01   4.03198E+01   3.90086E+01   3.74958E+01   3.52413E+01   3.54588E+01   3.55428E+01   3.55033E+01
   5.55970E+01   5.52418E+01   5.45289E+01   5.34812E+01   5.22304E+01   5.14316E+01   5.08512E+01   5.03661E+01   4.99377E+01   4.95738E+01
   4.93328E+01   4.93721E+01   4.99838E+01   5.04896E+01   5.07581E+01   5.07689E+01   5.05257E+01   5.00385E+01   4.93176E+01   4.83769E+01
   4.72429E+01   4.59580E+01   4.45693E+01   4.31814E+01   4.17047E+01   3.99634E+01   3.76946E+01   3.47160E+01   3.48012E+01   3.45494E+01
   5.80156E+01   5.77399E+01   5.72062E+01   5.64665E+01   5.56402E+01   5.49434E+01   5.43705E+01   5.38861E+01   5.34743E+01   5.31441E+01
   5.29319E+01   5.28978E+01   5.30736E+01   5.32470E+01   5.33016E+01   5.31872E+01   5.28857E+01   5.23936E+01   5.17151E+01   5.08608E+01
   4.98492E+01   4.87057E+01   4.74570E+01   4.61243E+01   4.46575E+01   4.29506E+01   4.08497E+01   3.81536E+01   3.43887E+01   3.33358E+01
   6.07022E+01   6.04884E+01   6.00820E+01   5.95307E+01   5.89129E+01   5.83235E+01   5.77936E+01   5.73259E+01   5.69214E+01   5.65888E+01
   5.63451E+01   5.62061E+01   5.61581E+01   5.61157E+01   5.60064E+01   5.57852E+01   5.54288E+01   5.49276E+01   5.42809E+01   5.34946E+01
   5.25798E+01   5.15511E+01   5.04213E+01   4.91934E+01   4.78429E+01   4.63242E+01   4.45923E+01   4.26523E+01   4.06991E+01   3.97879E+01
   6.35950E+01   6.34218E+01   6.30953E+01   6.26537E+01   6.21495E+01   6.16367E+01   6.11468E+01   6.06949E+01   6.02891E+01   5.99371E+01
   5.96458E+01   5.94157E+01   5.92294E+01   5.90439E+01   5.88154E+01   5.85108E+01   5.81092E+01   5.75997E+01   5.69789E+01   5.62491E+01
   5.54167E+01   5.44899E+01   5.34761E+01   5.23776E+01   5.11887E+01   4.99034E+01   4.85354E+01   4.71563E+01   4.59597E+01   4.53210E+01
   6.66536E+01   6.65010E+01   6.62160E+01   6.58317E+01   6.53871E+01   6.49192E+01   6.44546E+01   6.40100E+01   6.35953E+01   6.32170E+01
   6.28778E+01   6.25741E+01   6.22922E+01   6.20075E+01   6.16930E+01   6.13258E+01   6.08899E+01   6.03754E+01   5.97783E+01   5.90989E+01
   5.83405E+01   5.75083E+01   5.66080E+01   5.56445E+01   5.46234E+01   5.35578E+01   5.24818E+01   5.14701E+01   5.06548E+01   5.02076E+01
   6.98571E+01   6.97049E+01   6.94285E+01   6.90625E+01   6.86403E+01   6.81907E+01   6.77349E+01   6.72876E+01   6.68576E+01   6.64502E+01
   6.60666E+01   6.57031E+01   6.53503E+01   6.49933E+01   6.46156E+01   6.42021E+01   6.37415E+01   6.32262E+01   6.26525E+01   6.20200E+01
   6.13303E+01   6.05872E+01   5.97955E+01   5.89614E+01   5.80949E+01   5.72148E+01   5.63562E+01   5.55797E+01   5.49740E+01   5.46394E+01
   7.32051E+01   7.30256E+01   7.27229E+01   7.23417E+01   7.19134E+01   7.14606E+01   7.09992E+01   7.05400E+01   7.00897E+01   6.96520E+01
   6.92275E+01   6.88137E+01   6.84048E+01   6.79922E+01   6.75663E+01   6.71180E+01   6.66402E+01   6.61277E+01   6.55780E+01   6.49905E+01
   6.43661E+01   6.37072E+01   6.30176E+01   6.23029E+01   6.15725E+01   6.08426E+01   6.01408E+01   5.95108E+01   5.90145E+01   5.87287E+01
   7.67248E+01   7.64616E+01   7.60881E+01   7.56602E+01   7.52032E+01   7.47313E+01   7.42535E+01   7.37757E+01   7.33015E+01   7.28328E+01
   7.23700E+01   7.19117E+01   7.14553E+01   7.09968E+01   7.05317E+01   7.00558E+01   6.95656E+01   6.90587E+01   6.85337E+01   6.79901E+01
   6.74286E+01   6.68502E+01   6.62570E+01   6.56524E+01   6.50418E+01   6.44345E+01   6.38459E+01   6.33003E+01   6.28368E+01   6.25245E+01
   8.05000E+01   8.00000E+01   7.95000E+01   7.90000E+01   7.85000E+01   7.80000E+01   7.75000E+01   7.70000E+01   7.65000E+01   7.60000E+01
   7.55000E+01   7.50000E+01   7.45000E+01   7.40000E+01   7.35000E+01   7.30000E+01   7.25000E+01   7.20000E+01   7.15000E+01   7.10000E+01
   7.05000E+01   7.00000E+01   6.95000E+01   6.90000E+01   6.85000E+01   6.80000E+01   6.75000E+01   6.70000E+01   6.65000E+01   6.60000E+01
